version https://git-lfs.github.com/spec/v1
oid sha256:7a46392a7669b49ca02156fb52034431ffcc18c48956fc1dd48e897fecf6f477
size 363410
